1 0.645000 0.199700 0.062000 0.105105
1 0.814000 0.201201 0.084000 0.120120
1 0.586000 0.472973 0.088000 0.135135
1 0.418000 0.217718 0.080000 0.111111
1 0.471000 0.500000 0.090000 0.123123
1 0.491000 0.648649 0.082000 0.102102
1 0.069000 0.102102 0.078000 0.126126
1 0.268000 0.588589 0.084000 0.132132
1 0.362000 0.698198 0.088000 0.117117
1 0.581000 0.168168 0.082000 0.132132
1 0.589000 0.057057 0.082000 0.102102
1 0.714000 0.114114 0.084000 0.108108
1 0.243000 0.051051 0.074000 0.096096
1 0.803000 0.288288 0.094000 0.102102
