0 0.403000 0.214667 0.174000 0.221333
0 0.610000 0.193333 0.144000 0.189333
0 0.792000 0.282667 0.224000 0.245333
0 0.392000 0.432000 0.168000 0.224000
0 0.582000 0.628000 0.232000 0.322667
0 0.209000 0.250667 0.178000 0.213333
0 0.911000 0.544000 0.178000 0.309333
0 0.479000 0.874667 0.246000 0.250667
0 0.096000 0.750667 0.180000 0.253333
0 0.057000 0.506667 0.110000 0.245333
0 0.276000 0.116000 0.140000 0.173333
0 0.631000 0.386667 0.150000 0.202667
0 0.902000 0.892000 0.196000 0.216000
0 0.747000 0.753333 0.210000 0.226667
0 0.245000 0.900000 0.250000 0.200000
0 0.059000 0.929333 0.114000 0.141333
0 0.756000 0.081333 0.144000 0.136000
0 0.759000 0.533333 0.190000 0.245333
0 0.206000 0.578667 0.188000 0.218667
0 0.351000 0.670667 0.230000 0.296000
