0 0.454000 0.832884 0.376000 0.334232
0 0.180000 0.473046 0.200000 0.239892
0 0.485000 0.431267 0.170000 0.269542
0 0.649000 0.512129 0.234000 0.226415
0 0.715000 0.696765 0.234000 0.266846
0 0.838000 0.362534 0.160000 0.239892
0 0.452000 0.826146 0.360000 0.336927
0 0.057000 0.789757 0.110000 0.355795
0 0.137000 0.683288 0.154000 0.223720
0 0.723000 0.221024 0.114000 0.150943
0 0.305000 0.303235 0.166000 0.164420
0 0.102000 0.394879 0.120000 0.196765
0 0.379000 0.216981 0.110000 0.142857
0 0.595000 0.091644 0.094000 0.097035
0 0.483000 0.246631 0.122000 0.159030
0 0.272000 0.090296 0.076000 0.126685
0 0.141000 0.262803 0.102000 0.126685
