1 0.474000 0.509009 0.092000 0.111111
1 0.583000 0.471471 0.094000 0.126126
1 0.073000 0.097598 0.070000 0.099099
1 0.417000 0.211712 0.062000 0.087087
1 0.588000 0.166667 0.080000 0.123123
1 0.640000 0.202703 0.068000 0.099099
1 0.826000 0.204204 0.092000 0.114114
1 0.587000 0.054054 0.098000 0.090090
1 0.724000 0.117117 0.084000 0.126126
1 0.264000 0.578078 0.076000 0.117117
1 0.356000 0.686186 0.096000 0.111111
1 0.495000 0.644144 0.078000 0.111111
1 0.798000 0.280781 0.104000 0.117117
1 0.249000 0.039039 0.078000 0.072072
1 0.506000 0.160661 0.056000 0.081081
1 0.181000 0.641141 0.102000 0.081081
