0 0.200000 0.635753 0.164000 0.217742
0 0.361000 0.697581 0.122000 0.206989
0 0.431000 0.514785 0.150000 0.217742
0 0.314000 0.512097 0.112000 0.147849
1 0.250000 0.327957 0.132000 0.123656
1 0.103000 0.297043 0.118000 0.137097
1 0.154000 0.419355 0.152000 0.139785
1 0.488000 0.190860 0.180000 0.279570
1 0.683000 0.344086 0.226000 0.301075
1 0.792000 0.672043 0.108000 0.161290
1 0.607000 0.719086 0.186000 0.325269
1 0.740000 0.842742 0.204000 0.271505
1 0.874000 0.365591 0.172000 0.247312
1 0.469000 0.619624 0.126000 0.233871
