0 0.431000 0.425333 0.106000 0.114667
0 0.527000 0.470667 0.102000 0.146667
0 0.676000 0.556000 0.128000 0.152000
0 0.562000 0.685333 0.108000 0.133333
0 0.617000 0.780000 0.126000 0.152000
0 0.861000 0.584000 0.102000 0.149333
0 0.662000 0.408000 0.084000 0.138667
0 0.563000 0.369333 0.110000 0.136000
0 0.801000 0.668000 0.082000 0.136000
0 0.379000 0.589333 0.118000 0.138667
0 0.417000 0.745333 0.110000 0.104000
0 0.447000 0.886667 0.110000 0.178667
0 0.820000 0.916000 0.084000 0.098667
0 0.717000 0.910667 0.110000 0.125333
0 0.964000 0.696000 0.072000 0.160000
0 0.905000 0.820000 0.102000 0.120000
0 0.793000 0.821333 0.102000 0.090667
