1 0.662000 0.570288 0.144000 0.220447
1 0.640000 0.811502 0.104000 0.249201
1 0.747000 0.897764 0.110000 0.172524
1 0.757000 0.766773 0.082000 0.115016
1 0.776000 0.707668 0.132000 0.226837
1 0.551000 0.773163 0.074000 0.185304
1 0.569000 0.584665 0.082000 0.223642
1 0.500000 0.458466 0.116000 0.214058
1 0.155000 0.533546 0.106000 0.146965
1 0.245000 0.630990 0.090000 0.150160
2 0.285000 0.506390 0.090000 0.124601
0 0.334000 0.809904 0.124000 0.182109
0 0.448000 0.821086 0.112000 0.178914
0 0.368000 0.659744 0.096000 0.130990
0 0.469000 0.653355 0.134000 0.169329
