1 0.885000 0.188976 0.146000 0.157480
1 0.915000 0.349081 0.154000 0.157480
1 0.837000 0.052493 0.130000 0.099738
1 0.935000 0.506562 0.070000 0.152231
1 0.579000 0.312336 0.134000 0.178478
1 0.746000 0.307087 0.140000 0.152231
1 0.657000 0.670604 0.162000 0.165354
1 0.326000 0.190289 0.100000 0.107612
0 0.567000 0.807087 0.186000 0.228346
0 0.802000 0.469816 0.144000 0.194226
0 0.350000 0.921260 0.208000 0.146982
0 0.315000 0.633858 0.154000 0.170604
0 0.122000 0.723097 0.172000 0.191601
0 0.448000 0.292651 0.128000 0.128609
0 0.368000 0.070866 0.124000 0.136483
0 0.374000 0.451444 0.096000 0.131234
0 0.446000 0.589239 0.124000 0.170604
0 0.656000 0.171916 0.128000 0.170604
2 0.639000 0.497375 0.182000 0.191601
2 0.145000 0.459318 0.162000 0.157480
2 0.488000 0.458005 0.164000 0.186352
2 0.430000 0.842520 0.160000 0.225722
2 0.217000 0.194226 0.150000 0.125984
2 0.506000 0.136483 0.148000 0.188976
2 0.272000 0.438320 0.124000 0.162730
2 0.829000 0.858268 0.134000 0.183727
2 0.249000 0.038058 0.114000 0.070866
2 0.225000 0.314961 0.142000 0.125984
