0 0.090000 0.736000 0.168000 0.266667
1 0.714000 0.117333 0.172000 0.229333
1 0.865000 0.292000 0.218000 0.360000
1 0.790000 0.521333 0.196000 0.290667
1 0.847000 0.689333 0.194000 0.189333
1 0.835000 0.857333 0.122000 0.173333
1 0.909000 0.950667 0.054000 0.077333
1 0.370000 0.165333 0.100000 0.133333
1 0.190000 0.580000 0.108000 0.130667
1 0.981000 0.965333 0.038000 0.069333
0 0.192000 0.780000 0.144000 0.210667
0 0.480000 0.668000 0.244000 0.301333
0 0.290000 0.845333 0.224000 0.298667
0 0.618000 0.256000 0.256000 0.330667
