1 0.065000 0.464000 0.118000 0.244000
1 0.216000 0.542000 0.188000 0.160000
1 0.386000 0.497000 0.192000 0.286000
1 0.122000 0.311000 0.156000 0.270000
1 0.528000 0.683000 0.192000 0.226000
1 0.789000 0.724000 0.182000 0.240000
1 0.335000 0.674000 0.194000 0.208000
1 0.175000 0.762000 0.194000 0.200000
1 0.393000 0.948000 0.310000 0.104000
1 0.357000 0.221000 0.258000 0.126000
1 0.308000 0.366000 0.332000 0.160000
1 0.341000 0.088000 0.222000 0.152000
1 0.194000 0.184000 0.148000 0.220000
1 0.644000 0.124000 0.132000 0.240000
1 0.541000 0.321000 0.178000 0.266000
1 0.812000 0.359000 0.276000 0.202000
1 0.707000 0.440000 0.202000 0.160000
1 0.892000 0.659000 0.216000 0.234000
1 0.672000 0.921000 0.244000 0.158000
1 0.866000 0.869000 0.232000 0.186000
1 0.495000 0.091000 0.170000 0.178000
1 0.561000 0.522000 0.146000 0.192000
1 0.441000 0.776000 0.182000 0.216000
1 0.834000 0.132000 0.200000 0.168000
1 0.732000 0.205000 0.240000 0.142000
1 0.620000 0.762000 0.132000 0.200000
