0 0.026000 0.084000 0.048000 0.061333
0 0.062000 0.161333 0.052000 0.066667
0 0.136000 0.166667 0.052000 0.061333
0 0.235000 0.149333 0.050000 0.069333
0 0.193000 0.233333 0.058000 0.072000
0 0.507000 0.298667 0.062000 0.080000
0 0.576000 0.213333 0.052000 0.069333
0 0.669000 0.190667 0.066000 0.066667
0 0.586000 0.470667 0.052000 0.088000
0 0.297000 0.489333 0.062000 0.093333
0 0.214000 0.710667 0.076000 0.088000
0 0.708000 0.645333 0.060000 0.080000
0 0.856000 0.582667 0.052000 0.077333
0 0.765000 0.428000 0.066000 0.082667
0 0.849000 0.065333 0.066000 0.088000
0 0.745000 0.054667 0.058000 0.077333
0 0.833000 0.314667 0.054000 0.080000
0 0.363000 0.569333 0.062000 0.066667
0 0.575000 0.721333 0.054000 0.077333
0 0.685000 0.766667 0.054000 0.072000
0 0.666000 0.957333 0.048000 0.074667
0 0.800000 0.269333 0.036000 0.064000
0 0.219000 0.308000 0.074000 0.088000
0 0.473000 0.460000 0.054000 0.066667
