0 0.207500 0.264775 0.110000 0.122931
1 0.086667 0.464539 0.105000 0.151300
1 0.143333 0.609338 0.110000 0.135934
1 0.121667 0.334515 0.108333 0.144208
1 0.217083 0.367021 0.117500 0.143026
1 0.298333 0.458038 0.113333 0.159574
1 0.186667 0.496454 0.088333 0.134752
1 0.327083 0.695626 0.104167 0.159574
1 0.338333 0.279551 0.105000 0.150118
1 0.422500 0.445626 0.111667 0.156028
1 0.217083 0.710402 0.112500 0.158392
1 0.264167 0.593972 0.115000 0.135934
1 0.369583 0.561466 0.110833 0.151300
1 0.881250 0.306738 0.109167 0.157210
1 0.958333 0.277187 0.083333 0.131206
