0 0.150769 0.106283 0.183077 0.210471
0 0.359615 0.153927 0.196154 0.295288
0 0.515769 0.130366 0.142308 0.195812
0 0.238077 0.596859 0.194615 0.265969
0 0.453462 0.556021 0.234615 0.299476
0 0.728846 0.480628 0.194615 0.318325
0 0.112692 0.334555 0.194615 0.258639
0 0.551154 0.365969 0.199231 0.296335
0 0.333077 0.382199 0.246154 0.286911
0 0.223462 0.818325 0.234615 0.200000
0 0.533462 0.819372 0.256154 0.170681
0 0.755769 0.725131 0.210000 0.241885
0 0.702692 0.194241 0.222308 0.243979
0 0.871923 0.312565 0.220769 0.319372
0 0.963846 0.757592 0.072308 0.281675
