0 0.286441 0.143000 0.206780 0.126000
0 0.477966 0.102000 0.223729 0.124000
0 0.701695 0.130000 0.203390 0.128000
0 0.428814 0.358000 0.206780 0.096000
0 0.823729 0.290000 0.196610 0.104000
0 0.577966 0.242000 0.193220 0.108000
1 0.210169 0.406000 0.189831 0.112000
1 0.328814 0.531000 0.169492 0.094000
1 0.483051 0.545000 0.152542 0.094000
1 0.683051 0.429000 0.159322 0.082000
1 0.449153 0.273000 0.159322 0.098000
1 0.767797 0.555000 0.179661 0.098000
1 0.167797 0.646000 0.166102 0.100000
1 0.371186 0.663000 0.159322 0.114000
1 0.384746 0.735000 0.152542 0.066000
1 0.484746 0.803000 0.155932 0.094000
1 0.637288 0.793000 0.135593 0.102000
1 0.701695 0.848000 0.135593 0.076000
1 0.188136 0.798000 0.152542 0.084000
1 0.335593 0.873000 0.162712 0.094000
1 0.515254 0.884000 0.155932 0.088000
1 0.537288 0.939000 0.159322 0.078000
1 0.725424 0.642000 0.183051 0.096000
