0 0.118750 0.833942 0.097500 0.120438
0 0.173750 0.744526 0.087500 0.109489
0 0.250000 0.810219 0.085000 0.116788
0 0.366250 0.788321 0.132500 0.124088
0 0.565000 0.653285 0.150000 0.138686
0 0.222500 0.633212 0.090000 0.113139
0 0.278750 0.704380 0.107500 0.087591
0 0.486250 0.799270 0.112500 0.102190
0 0.626250 0.864964 0.132500 0.116788
0 0.745000 0.892336 0.085000 0.164234
0 0.798750 0.822993 0.092500 0.135036
0 0.688750 0.633212 0.092500 0.127737
0 0.593750 0.766423 0.112500 0.116788
0 0.332500 0.633212 0.090000 0.076642
0 0.432500 0.631387 0.090000 0.094891
0 0.691250 0.773723 0.092500 0.102190
0 0.392500 0.892336 0.115000 0.142336
0 0.292500 0.892336 0.080000 0.120438
0 0.241250 0.447080 0.062500 0.091241
0 0.293750 0.412409 0.057500 0.094891
0 0.345000 0.458029 0.065000 0.076642
0 0.422500 0.439781 0.055000 0.069343
0 0.490000 0.410584 0.085000 0.062044
0 0.371250 0.401460 0.062500 0.065693
0 0.473750 0.500000 0.052500 0.051095
0 0.591250 0.399635 0.052500 0.054745
0 0.572500 0.445255 0.055000 0.051095
0 0.552500 0.498175 0.060000 0.069343
1 0.516250 0.470803 0.042500 0.051095
1 0.661250 0.410584 0.072500 0.076642
1 0.622500 0.448905 0.035000 0.043796
1 0.608750 0.500000 0.032500 0.058394
1 0.731250 0.417883 0.037500 0.054745
1 0.747500 0.496350 0.035000 0.072993
2 0.662500 0.470803 0.035000 0.043796
0 0.657500 0.509124 0.060000 0.047445
0 0.860000 0.456204 0.055000 0.094891
0 0.916250 0.412409 0.072500 0.094891
0 0.903750 0.503650 0.067500 0.087591
0 0.973750 0.496350 0.052500 0.087591
0 0.981250 0.405109 0.037500 0.116788
0 0.906250 0.697080 0.077500 0.131387
1 0.980000 0.770073 0.040000 0.138686
1 0.945000 0.644161 0.070000 0.083942
