1 0.298828 0.225542 0.136719 0.201523
1 0.238086 0.659344 0.107422 0.158758
1 0.436914 0.449912 0.158984 0.221441
1 0.361914 0.648213 0.148828 0.183363
1 0.557227 0.608670 0.109766 0.201523
1 0.438086 0.907733 0.140234 0.184534
1 0.329883 0.826596 0.094141 0.146456
1 0.244531 0.851494 0.076563 0.121265
1 0.419922 0.211482 0.113281 0.200351
1 0.472852 0.070299 0.090234 0.125366
1 0.571680 0.189221 0.071484 0.119508
1 0.620508 0.459578 0.126953 0.169303
1 0.542578 0.744581 0.095312 0.119508
1 0.586523 0.905097 0.067578 0.084359
