2 0.137000 0.636000 0.190000 0.172000
2 0.220000 0.810000 0.176000 0.240000
2 0.413000 0.832000 0.194000 0.208000
2 0.612000 0.894000 0.204000 0.204000
2 0.309000 0.650000 0.170000 0.176000
2 0.509000 0.629000 0.234000 0.254000
2 0.794000 0.718000 0.304000 0.232000
2 0.690000 0.514000 0.224000 0.196000
2 0.886000 0.484000 0.216000 0.228000
2 0.739000 0.179000 0.210000 0.190000
0 0.881000 0.299000 0.178000 0.162000
0 0.922000 0.121000 0.156000 0.190000
2 0.585000 0.046000 0.166000 0.076000
2 0.774000 0.045000 0.204000 0.074000
