1 0.195000 0.411333 0.092000 0.126667
1 0.291500 0.429333 0.101000 0.136000
1 0.382000 0.478000 0.072000 0.118667
1 0.464000 0.468667 0.094000 0.126667
1 0.536500 0.393333 0.089000 0.122667
1 0.445000 0.173333 0.126000 0.173333
1 0.565500 0.194667 0.123000 0.176000
1 0.124000 0.222000 0.070000 0.132000
1 0.310000 0.195333 0.064000 0.097333
1 0.613500 0.046667 0.055000 0.082667
1 0.551500 0.058000 0.089000 0.113333
1 0.065000 0.030667 0.060000 0.056000
1 0.301500 0.322000 0.077000 0.094667
1 0.238500 0.078667 0.129000 0.154667
1 0.355000 0.051333 0.120000 0.097333
1 0.475500 0.063333 0.041000 0.052000
1 0.445000 0.020667 0.050000 0.033333
1 0.671000 0.086667 0.056000 0.120000
2 0.219000 0.226000 0.106000 0.105333
2 0.439000 0.328000 0.120000 0.149333
