1 0.276007 0.206111 0.135906 0.123333
1 0.230705 0.295556 0.156040 0.104444
1 0.235738 0.422778 0.135906 0.103333
1 0.403523 0.360556 0.182886 0.134444
1 0.416107 0.227778 0.147651 0.106667
1 0.114933 0.414444 0.125839 0.111111
1 0.350671 0.473333 0.140940 0.093333
1 0.090604 0.052778 0.110738 0.078889
1 0.808725 0.448889 0.093960 0.055556
1 0.666107 0.578333 0.140940 0.123333
1 0.512584 0.606667 0.162752 0.104444
1 0.479866 0.695000 0.147651 0.085556
1 0.670302 0.721667 0.159396 0.134444
1 0.829698 0.736111 0.162752 0.134444
1 0.814597 0.626111 0.142617 0.116667
1 0.544463 0.765556 0.125839 0.095556
1 0.458893 0.791667 0.135906 0.105556
1 0.615772 0.821667 0.124161 0.110000
0 0.545302 0.315000 0.080537 0.067778
