0 0.338000 0.822684 0.120000 0.182109
0 0.445000 0.824281 0.102000 0.178914
0 0.469000 0.653355 0.114000 0.169329
0 0.371000 0.653355 0.098000 0.150160
0 0.288000 0.519169 0.100000 0.105431
0 0.287000 0.782748 0.098000 0.178914
0 0.233000 0.514377 0.062000 0.083067
1 0.160000 0.538339 0.096000 0.150160
1 0.240000 0.623003 0.100000 0.146965
1 0.504000 0.455272 0.112000 0.214058
1 0.659000 0.567093 0.142000 0.220447
1 0.577000 0.595847 0.098000 0.194888
1 0.554000 0.765176 0.084000 0.175719
1 0.639000 0.811502 0.126000 0.242812
1 0.760000 0.504792 0.128000 0.178914
1 0.781000 0.698083 0.122000 0.233227
1 0.761000 0.771565 0.094000 0.118211
1 0.744000 0.889776 0.132000 0.188498
1 0.217000 0.426518 0.082000 0.067093
