0 0.225000 0.709333 0.226000 0.282667
0 0.177000 0.462667 0.202000 0.194667
0 0.212000 0.304000 0.188000 0.181333
0 0.397000 0.644000 0.206000 0.253333
0 0.525000 0.486667 0.182000 0.184000
0 0.351000 0.486667 0.158000 0.162667
0 0.122000 0.229333 0.192000 0.192000
0 0.360000 0.260000 0.180000 0.184000
0 0.535000 0.310667 0.194000 0.205333
0 0.719000 0.270667 0.194000 0.248000
0 0.736000 0.490667 0.212000 0.224000
0 0.609000 0.733333 0.270000 0.373333
0 0.297000 0.866667 0.350000 0.266667
0 0.096000 0.665333 0.176000 0.296000
0 0.301000 0.116000 0.134000 0.130667
0 0.428000 0.120000 0.120000 0.138667
0 0.540000 0.125333 0.132000 0.138667
0 0.660000 0.133333 0.124000 0.144000
0 0.774000 0.088000 0.140000 0.165333
0 0.918000 0.198667 0.160000 0.237333
0 0.912000 0.426667 0.168000 0.240000
0 0.919000 0.686667 0.162000 0.306667
0 0.864000 0.933333 0.268000 0.133333
0 0.590000 0.966667 0.220000 0.066667
0 0.070000 0.881333 0.132000 0.237333
0 0.043000 0.438667 0.082000 0.141333
0 0.169000 0.056000 0.134000 0.085333
