1 0.317143 0.493571 0.168571 0.170000
1 0.256429 0.602857 0.152857 0.148571
1 0.245714 0.232143 0.151429 0.150000
1 0.183571 0.112143 0.147143 0.147143
1 0.532143 0.152857 0.150000 0.140000
1 0.919286 0.565000 0.104286 0.121429
1 0.923571 0.694286 0.152857 0.151429
1 0.950714 0.821429 0.098571 0.140000
1 0.595714 0.832857 0.122857 0.125714
1 0.672857 0.728571 0.137143 0.154286
1 0.470000 0.557857 0.137143 0.124286
1 0.207857 0.727143 0.118571 0.111429
1 0.325000 0.732143 0.110000 0.118571
1 0.783571 0.921429 0.135714 0.134286
1 0.816429 0.407857 0.107143 0.101429
1 0.700000 0.219286 0.134286 0.084286
1 0.684286 0.929286 0.094286 0.118571
0 0.445000 0.429286 0.155714 0.132857
0 0.453571 0.775000 0.138571 0.118571
0 0.692143 0.452143 0.127143 0.130000
0 0.825714 0.506429 0.125714 0.130000
0 0.830714 0.161429 0.127143 0.154286
0 0.553571 0.699286 0.132857 0.144286
0 0.804286 0.820714 0.157143 0.132857
0 0.607143 0.560714 0.162857 0.155714
0 0.390714 0.675714 0.124286 0.154286
0 0.745000 0.303571 0.175714 0.130000
0 0.581429 0.425714 0.114286 0.131429
0 0.895000 0.292857 0.124286 0.142857
0 0.943571 0.414286 0.112857 0.134286
0 0.430714 0.325000 0.112857 0.130000
