0 0.111000 0.524096 0.210000 0.319277
0 0.382000 0.539157 0.204000 0.313253
0 0.445000 0.697289 0.226000 0.298193
0 0.200000 0.271084 0.216000 0.271084
0 0.599000 0.454819 0.222000 0.361446
0 0.370000 0.096386 0.196000 0.186747
0 0.598000 0.222892 0.176000 0.186747
0 0.748000 0.344880 0.148000 0.243976
0 0.666000 0.730422 0.188000 0.262048
0 0.785000 0.567771 0.158000 0.304217
0 0.159000 0.868976 0.182000 0.256024
0 0.513000 0.924699 0.198000 0.150602
0 0.951000 0.152108 0.098000 0.298193
0 0.946000 0.435241 0.108000 0.286145
0 0.934000 0.801205 0.132000 0.301205
0 0.741000 0.912651 0.238000 0.174699
0 0.332000 0.840361 0.180000 0.301205
0 0.059000 0.262048 0.106000 0.253012
0 0.050000 0.884036 0.088000 0.231928
0 0.830000 0.131024 0.120000 0.207831
