0 0.222000 0.310667 0.064000 0.072000
0 0.073000 0.373333 0.062000 0.090667
0 0.205000 0.482667 0.066000 0.064000
0 0.171000 0.406667 0.062000 0.066667
0 0.102000 0.586667 0.052000 0.058667
0 0.046000 0.488000 0.060000 0.069333
0 0.045000 0.609333 0.066000 0.066667
0 0.127000 0.653333 0.070000 0.074667
0 0.208000 0.710667 0.064000 0.088000
0 0.156000 0.750667 0.060000 0.093333
0 0.037000 0.678667 0.066000 0.066667
0 0.039000 0.733333 0.062000 0.069333
0 0.309000 0.324000 0.050000 0.050667
0 0.193000 0.233333 0.058000 0.077333
0 0.035000 0.270667 0.066000 0.072000
0 0.291000 0.481333 0.066000 0.077333
0 0.404000 0.249333 0.056000 0.066667
0 0.423000 0.393333 0.078000 0.061333
0 0.296000 0.664000 0.052000 0.069333
0 0.347000 0.629333 0.066000 0.074667
0 0.304000 0.104000 0.068000 0.074667
0 0.260000 0.204000 0.052000 0.061333
0 0.028000 0.086667 0.052000 0.082667
0 0.114000 0.272000 0.064000 0.090667
0 0.325000 0.381333 0.054000 0.064000
0 0.451000 0.553333 0.058000 0.082667
0 0.403000 0.654667 0.058000 0.088000
0 0.306000 0.753333 0.048000 0.072000
0 0.356000 0.790667 0.052000 0.072000
0 0.353000 0.942667 0.066000 0.082667
0 0.288000 0.928000 0.060000 0.090667
0 0.066000 0.909333 0.052000 0.069333
0 0.087000 0.804000 0.038000 0.056000
0 0.118000 0.890667 0.052000 0.080000
0 0.184000 0.612000 0.052000 0.066667
0 0.413000 0.504000 0.050000 0.058667
0 0.263000 0.352000 0.054000 0.090667
0 0.425000 0.765333 0.050000 0.069333
0 0.420000 0.960000 0.056000 0.074667
0 0.474000 0.460000 0.052000 0.061333
0 0.510000 0.297333 0.056000 0.077333
0 0.527000 0.416000 0.038000 0.080000
0 0.584000 0.465333 0.064000 0.072000
0 0.770000 0.430667 0.064000 0.082667
0 0.672000 0.188000 0.064000 0.082667
0 0.569000 0.209333 0.046000 0.066667
0 0.701000 0.090667 0.058000 0.080000
0 0.802000 0.274667 0.052000 0.074667
0 0.849000 0.070667 0.074000 0.082667
0 0.808000 0.214667 0.048000 0.066667
0 0.892000 0.365333 0.064000 0.080000
0 0.783000 0.517333 0.046000 0.069333
0 0.855000 0.586667 0.058000 0.080000
0 0.596000 0.580000 0.052000 0.066667
0 0.671000 0.590667 0.058000 0.072000
0 0.705000 0.641333 0.058000 0.082667
0 0.618000 0.677333 0.056000 0.069333
0 0.684000 0.768000 0.052000 0.074667
0 0.580000 0.724000 0.060000 0.072000
0 0.788000 0.768000 0.060000 0.085333
0 0.912000 0.188000 0.048000 0.066667
0 0.534000 0.965333 0.060000 0.069333
0 0.611000 0.961333 0.062000 0.077333
0 0.768000 0.928000 0.060000 0.080000
0 0.906000 0.833333 0.048000 0.045333
