0 0.215000 0.788000 0.146000 0.178667
0 0.485000 0.574667 0.154000 0.173333
0 0.209000 0.622667 0.142000 0.168000
0 0.219000 0.484000 0.130000 0.146667
0 0.346000 0.709333 0.144000 0.197333
0 0.369000 0.892000 0.166000 0.178667
0 0.091000 0.406667 0.126000 0.130667
0 0.076000 0.537333 0.148000 0.157333
0 0.069000 0.693333 0.134000 0.165333
0 0.490000 0.746667 0.172000 0.192000
0 0.470000 0.417333 0.144000 0.141333
0 0.602000 0.452000 0.124000 0.141333
0 0.630000 0.608000 0.148000 0.170667
0 0.652000 0.790667 0.164000 0.205333
0 0.528000 0.917333 0.184000 0.160000
0 0.774000 0.502667 0.144000 0.178667
0 0.819000 0.696000 0.158000 0.192000
0 0.854000 0.886667 0.180000 0.210667
0 0.575000 0.336000 0.110000 0.122667
0 0.224000 0.350667 0.124000 0.130667
0 0.131000 0.280000 0.102000 0.128000
0 0.452000 0.074667 0.108000 0.138667
0 0.547000 0.084000 0.094000 0.157333
0 0.695000 0.248000 0.118000 0.128000
0 0.749000 0.346667 0.122000 0.138667
0 0.890000 0.432000 0.128000 0.149333
0 0.910000 0.592000 0.144000 0.170667
0 0.693000 0.140000 0.102000 0.120000
0 0.322000 0.058667 0.096000 0.106667
0 0.228000 0.112000 0.116000 0.112000
0 0.234000 0.226667 0.128000 0.112000
0 0.130000 0.180000 0.100000 0.120000
0 0.081000 0.926667 0.102000 0.120000
0 0.911000 0.181333 0.102000 0.133333
0 0.825000 0.298667 0.118000 0.144000
2 0.457000 0.210667 0.114000 0.122667
2 0.351000 0.169333 0.110000 0.120000
2 0.225000 0.036000 0.106000 0.066667
