0 0.276389 0.296296 0.152778 0.162963
0 0.386111 0.427778 0.138889 0.166667
0 0.419444 0.640741 0.177778 0.207407
0 0.616667 0.653704 0.150000 0.174074
0 0.645833 0.433333 0.163889 0.185185
0 0.526389 0.537037 0.141667 0.177778
0 0.205556 0.407407 0.166667 0.170370
0 0.480556 0.296296 0.155556 0.177778
0 0.402778 0.144444 0.133333 0.155556
0 0.162500 0.198148 0.125000 0.174074
0 0.726389 0.190741 0.136111 0.151852
0 0.845833 0.325926 0.152778 0.162963
0 0.326389 0.885185 0.158333 0.200000
0 0.601389 0.916667 0.175000 0.166667
0 0.736111 0.535185 0.111111 0.174074
0 0.833333 0.477778 0.144444 0.162963
0 0.515278 0.131481 0.119444 0.166667
0 0.277778 0.124074 0.144444 0.151852
0 0.087500 0.072222 0.136111 0.137037
0 0.204167 0.074074 0.097222 0.133333
0 0.102778 0.414815 0.088889 0.155556
0 0.929167 0.246296 0.102778 0.144444
0 0.194444 0.683333 0.133333 0.151852
0 0.295833 0.575926 0.097222 0.144444
0 0.181944 0.550000 0.136111 0.144444
0 0.775000 0.679630 0.072222 0.107407
0 0.827778 0.633333 0.066667 0.096296
0 0.859722 0.720370 0.091667 0.114815
0 0.904167 0.631481 0.069444 0.100000
0 0.811111 0.848148 0.077778 0.118519
0 0.927778 0.820370 0.066667 0.092593
0 0.611111 0.255556 0.122222 0.148148
0 0.613889 0.074074 0.105556 0.133333
0 0.069444 0.596296 0.038889 0.051852
0 0.025000 0.609259 0.038889 0.040741
0 0.041667 0.650000 0.038889 0.040741
0 0.031944 0.418519 0.041667 0.037037
0 0.052778 0.703704 0.044444 0.066667
1 0.093056 0.820370 0.047222 0.062963
1 0.197222 0.866667 0.044444 0.051852
1 0.091667 0.920370 0.061111 0.055556
1 0.052778 0.868519 0.050000 0.070370
