0 0.212000 0.662775 0.077333 0.149725
0 0.235667 0.727335 0.071333 0.149725
0 0.310667 0.677885 0.088000 0.166209
0 0.347667 0.556319 0.098000 0.175824
0 0.323000 0.463599 0.091333 0.152473
1 0.729333 0.069368 0.074667 0.135989
1 0.742667 0.149725 0.066667 0.148352
1 0.742000 0.267857 0.037333 0.137363
0 0.723000 0.543269 0.076667 0.188187
0 0.802000 0.557005 0.089333 0.204670
0 0.855333 0.440247 0.098667 0.196429
0 0.765333 0.407967 0.089333 0.153846
0 0.790333 0.269918 0.066000 0.141484
0 0.878000 0.225962 0.085333 0.190934
