0 0.203000 0.634409 0.174000 0.225806
0 0.353000 0.715054 0.146000 0.225806
0 0.433000 0.516129 0.162000 0.198925
0 0.308000 0.516129 0.124000 0.188172
2 0.260000 0.342742 0.136000 0.163978
2 0.873000 0.370968 0.174000 0.258065
1 0.598000 0.724462 0.208000 0.341398
1 0.737000 0.856183 0.182000 0.250000
1 0.782000 0.674731 0.132000 0.182796
1 0.831000 0.657258 0.238000 0.282258
1 0.677000 0.349462 0.218000 0.317204
2 0.152000 0.415323 0.132000 0.147849
2 0.101000 0.305108 0.114000 0.169355
1 0.471000 0.181452 0.186000 0.260753
1 0.545000 0.391129 0.106000 0.244624
