1 0.241018 0.808000 0.170659 0.120000
1 0.323353 0.919000 0.173653 0.138000
1 0.471557 0.940000 0.164671 0.120000
1 0.480539 0.586000 0.170659 0.128000
1 0.690120 0.639000 0.158683 0.118000
1 0.437126 0.494000 0.221557 0.144000
1 0.636228 0.542000 0.170659 0.124000
0 0.179641 0.464000 0.197605 0.124000
0 0.464072 0.218000 0.245509 0.172000
0 0.657186 0.281000 0.248503 0.146000
0 0.706587 0.124000 0.251497 0.148000
2 0.452096 0.365000 0.269461 0.170000
2 0.652695 0.423000 0.221557 0.130000
2 0.278443 0.669000 0.233533 0.110000
2 0.437126 0.765000 0.203593 0.138000
0 0.901198 0.820000 0.155689 0.100000
