0 0.185000 0.684132 0.094000 0.122754
0 0.410000 0.854790 0.088000 0.134731
0 0.482000 0.865269 0.084000 0.131737
0 0.409000 0.218563 0.078000 0.137725
0 0.230000 0.187126 0.096000 0.140719
0 0.073000 0.119760 0.078000 0.107784
0 0.188000 0.083832 0.068000 0.107784
0 0.730000 0.200599 0.080000 0.113772
0 0.807000 0.597305 0.082000 0.122754
0 0.303000 0.703593 0.082000 0.101796
0 0.956000 0.925150 0.088000 0.137725
0 0.157000 0.255988 0.066000 0.080838
0 0.540000 0.372754 0.076000 0.086826
0 0.707000 0.480539 0.134000 0.158683
0 0.717000 0.621257 0.102000 0.140719
0 0.750000 0.817365 0.084000 0.137725
0 0.675000 0.911677 0.098000 0.140719
0 0.894000 0.589820 0.096000 0.113772
0 0.211000 0.564371 0.102000 0.128743
0 0.177000 0.848802 0.090000 0.116766
0 0.591000 0.257485 0.118000 0.185629
0 0.119000 0.494012 0.098000 0.107784
0 0.428000 0.417665 0.100000 0.128743
0 0.253000 0.943114 0.102000 0.101796
0 0.927000 0.826347 0.086000 0.107784
0 0.281000 0.287425 0.058000 0.083832
0 0.043000 0.317365 0.082000 0.125749
0 0.831000 0.420659 0.086000 0.104790
0 0.290000 0.497006 0.092000 0.131737
0 0.358000 0.610778 0.108000 0.113772
