1 0.180000 0.309333 0.076000 0.106667
1 0.105000 0.354667 0.074000 0.080000
1 0.182000 0.434667 0.072000 0.080000
1 0.114000 0.436000 0.072000 0.066667
1 0.466000 0.048000 0.084000 0.090667
1 0.582000 0.842667 0.092000 0.138667
1 0.677000 0.857333 0.090000 0.141333
1 0.581000 0.244000 0.042000 0.061333
1 0.641000 0.174667 0.038000 0.061333
1 0.934000 0.816000 0.072000 0.117333
1 0.983000 0.837333 0.034000 0.106667
1 0.571000 0.730667 0.094000 0.128000
1 0.550000 0.069333 0.092000 0.128000
0 0.620000 0.045333 0.116000 0.085333
0 0.562000 0.613333 0.112000 0.106667
0 0.642000 0.558667 0.076000 0.114667
0 0.641000 0.660000 0.070000 0.093333
0 0.825000 0.550667 0.086000 0.120000
0 0.887000 0.917333 0.082000 0.112000
0 0.815000 0.660000 0.094000 0.125333
0 0.770000 0.801333 0.068000 0.098667
